0                         0
0.2598076211353315        2.0671445144220287E-10
0.519615242270663         8.268585721128978E-10
0.7794228634059945        1.8604229580574828E-9
1.039230484541326         3.3073841340270467E-9
1.299038105676658         5.167819359118377E-9
1.5588457268119897        7.441675810344681E-9
1.8186533479473215        1.0128951701932418E-8
2.0784609690826534        1.322970866633585E-8
2.338268590217984         1.674379682038623E-8
2.598076211353316         2.0671362707913735E-8
2.857883832488647         2.501236245195411E-8
3.117691453623979         2.9766791466997584E-8
3.37749907475931          3.4934555384210765E-8
3.6373066958946425        4.05158228133268E-8
3.8971143170299753        4.651050229504437E-8
4.156921938165304         5.291859341042313E-8
4.416729559300637         5.974018049259378E-8
4.676537180435967         6.697511053896966E-8
4.936344801571299         7.462351956986347E-8
5.196152422706632         8.268549496970237E-8
5.455960043841962         9.116050451824829E-8
5.715767664977294         1.000491177756584E-7
5.975575286112624         1.0935117626238087E-7
6.235382907247958         1.1906699187121636E-7
6.495190528383289         1.291956711879167E-7
6.75499814951862          1.3973793501901224E-7
7.014805770653954         1.5069382915023508E-7
7.274613391789285         1.6206381527659737E-7
7.534421012924616         1.7384584235456666E-7
7.794228634059948         1.860416498776215E-7
8.054036255195278         1.9865113358320225E-7
8.313843876330608         2.1167526329650526E-7
8.573651497465942         2.2511056365811632E-7
8.833459118601272         2.3896008627092885E-7
9.093266739736602         2.53223160042482E-7
9.353074360871934         2.678998676586799E-7
9.612881982007268         2.8299024529356485E-7
9.872689603142597         2.9849375176012914E-7
10.13249722427793         3.1441061807954485E-7
10.392304845413264        3.307409395973155E-7
